0.03010988235473632812 20000
0.07635498046875000000 40000
0.12202906608581542969 60000
0.21408200263977050781 80000
0.36362099647521972656 100000
0.50108695030212402344 120000
0.64212989807128906250 140000
0.75604701042175292969 160000
1.03264808654785156250 180000
1.19999098777770996094 200000
1.52185010910034179688 220000
1.93044805526733398438 240000
1.96342086791992187500 260000
2.45427489280700683594 280000
2.55027198791503906250 300000
3.09991002082824707031 320000
3.60226893424987792969 340000
4.78869509696960449219 360000
4.24239611625671386719 380000
4.96814298629760742188 400000
7.65846085548400878906 420000
7.75161981582641601562 440000
6.20863389968872070312 460000
9.65562915802001953125 480000
9.58375906944274902344 500000
10.04418492317199707031 520000
12.66657304763793945312 540000
11.88545703887939453125 560000
12.54929208755493164062 580000
14.71745896339416503906 600000
13.68037486076354980469 620000
14.20898199081420898438 640000
14.86888003349304199219 660000
16.29952001571655273438 680000
20.60748505592346191406 700000
20.95852398872375488281 720000
19.90465593338012695312 740000
17.15359711647033691406 760000
20.38585901260375976562 780000
18.15989804267883300781 800000
19.30087518692016601562 820000
21.38590121269226074219 840000
21.20913410186767578125 860000
23.37653398513793945312 880000
26.79837083816528320312 900000
24.54723596572875976562 920000
25.59122014045715332031 940000
26.93063497543334960938 960000
26.43625688552856445312 980000
