0.44828796386718750000 1000000
0.72593808174133300781 1100000
0.80018901824951171875 1200000
0.92351984977722167969 1300000
1.03698611259460449219 1400000
1.09727597236633300781 1500000
1.14853096008300781250 1600000
1.13632106781005859375 1700000
0.89743804931640625000 1800000
0.74630403518676757812 1900000
0.74905586242675781250 2000000
1.08583593368530273438 2100000
1.15335011482238769531 2200000
1.16661691665649414062 2300000
2.25743722915649414062 2400000
2.39752697944641113281 2500000
2.51433897018432617188 2600000
1.45624184608459472656 2700000
1.58653187751770019531 2800000
1.59354996681213378906 2900000
2.98561811447143554688 3000000
2.06585407257080078125 3100000
1.77012491226196289062 3200000
1.76188015937805175781 3300000
1.84870100021362304688 3400000
1.90702891349792480469 3500000
3.60822105407714843750 3600000
2.03108382225036621094 3700000
2.11552500724792480469 3800000
2.18810582160949707031 3900000
2.22609877586364746094 4000000
3.27078080177307128906 4100000
5.15871000289916992188 4200000
3.11356997489929199219 4300000
3.30433106422424316406 4400000
3.44190788269042968750 4500000
3.57760882377624511719 4600000
3.67918491363525390625 4700000
3.76796698570251464844 4800000
3.94967889785766601562 4900000
4.76280403137207031250 5000000
5.53653883934020996094 5100000
7.60691785812377929688 5200000
7.54743003845214843750 5300000
5.56517291069030761719 5400000
4.54322004318237304688 5500000
4.45035600662231445312 5600000
5.06413197517395019531 5700000
5.67184090614318847656 5800000
4.95435905456542968750 5900000
5.06497693061828613281 6000000